0
{1,0,0,0,0,0,0,0,0,0,0,0,0,0,0,0,0,0,0,0,0,0,0,0,0,0,0,0,0,0,0,0,0,0,0,0,0,0,0,0,0,0,0,0,0,0,0,0,0,0,0,0,0,0,0,0,0,0,0,0,0,0,0,0,0,0,0,0,0,0,0,0,0,0,0,0,0,0,0,0,0,0,0,0,0,0,0,0,0,0,0,0,0,0,0,0,0,0,0,0,0,0,0,0,0,0,0,0,0,0,0,0,0,0,0,0,0,0,0,0,0,0,0,0,0,0,0,0,0,0,0,0,0,0,0,0,0,0,0,0,0,0,0,0,0,0,0,0,0,0,0,0,0,0,0,0,0,0,0,0,0,0,0,0,0,0,0,0,0,0,0,0,0,0,0,0,0,0,0,0,0,0,0,0,0,0,0,0,0,0,0,0,0,0,0,0,0,0,0,0,0,0,0,0,0,0,0,0,0,0,0,0,0,0,0,0,0,0,0,0,0,0,0,0,0,0,0,0,0,0,0,0,0,0,0,0,0,0,0,0}

5
{0.0126135,0.0126072,0.0125883,0.0125569,0.012513,0.0124569,0.0123886,0.0123084,0.0122165,0.0121132,0.0119987,0.0118735,0.0117378,0.0115921,0.0114367,0.0112722,0.0110989,0.0109174,0.0107282,0.0105316,0.0103284,0.0101189,0.00990381,0.00968359,0.00945881,0.00923001,0.00899775,0.00876256,0.008525,0.00828558,0.00804485,0.0078033,0.00756144,0.00731975,0.0070787,0.00683875,0.00660033,0.00636385,0.00612971,0.00589828,0.00566992,0.00544494,0.00522367,0.00500637,0.00479332,0.00458474,0.00438085,0.00418185,0.00398788,0.00379912,0.00361566,0.00343762,0.00326508,0.00309809,0.00293671,0.00278094,0.0026308,0.00248628,0.00234734,0.00221395,0.00208604,0.00196356,0.00184642,0.00173453,0.00162779,0.00152608,0.0014293,0.00133731,0.00124999,0.00116721,0.00108881,0.00101466,0.000944614,0.000878521,0.000816235,0.000757605,0.000702482,0.000650718,0.000602164,0.000556676,0.000514109,0.000474323,0.000437178,0.000402541,0.000370279,0.000340264,0.000312372,0.000286483,0.000262482,0.000240256,0.000219698,0.000200707,0.000183183,0.000167032,0.000152165,0.000138498,0.00012595,0.000114443,0.000103907,9.42739e-05,8.54788e-05,7.74623e-05,7.01683e-05,6.35445e-05,5.75422e-05,5.21162e-05,4.72248e-05,4.28293e-05,3.88947e-05,3.53885e-05,3.22817e-05,2.95478e-05,2.71632e-05,2.51072e-05,2.33615e-05,2.19105e-05,2.0741e-05,1.98424e-05,1.92064e-05,1.88272e-05,1.87011e-05,1.88272e-05,1.92064e-05,1.98424e-05,2.0741e-05,2.19105e-05,2.33615e-05,2.51072e-05,2.71632e-05,2.95478e-05,3.22817e-05,3.53885e-05,3.88947e-05,4.28293e-05,4.72248e-05,5.21162e-05,5.75422e-05,6.35445e-05,7.01683e-05,7.74623e-05,8.54788e-05,9.42739e-05,0.000103907,0.000114443,0.00012595,0.000138498,0.000152165,0.000167032,0.000183183,0.000200707,0.000219698,0.000240256,0.000262482,0.000286483,0.000312372,0.000340264,0.000370279,0.000402541,0.000437178,0.000474323,0.000514109,0.000556676,0.000602164,0.000650718,0.000702482,0.000757605,0.000816235,0.000878521,0.000944614,0.00101466,0.00108881,0.00116721,0.00124999,0.00133731,0.0014293,0.00152608,0.00162779,0.00173453,0.00184642,0.00196356,0.00208604,0.00221395,0.00234734,0.00248628,0.0026308,0.00278094,0.00293671,0.00309809,0.00326508,0.00343762,0.00361566,0.00379912,0.00398788,0.00418185,0.00438085,0.00458474,0.00479332,0.00500637,0.00522367,0.00544494,0.00566992,0.00589828,0.00612971,0.00636385,0.00660033,0.00683875,0.0070787,0.00731975,0.00756144,0.0078033,0.00804485,0.00828558,0.008525,0.00876256,0.00899775,0.00923001,0.00945881,0.00968359,0.00990381,0.0101189,0.0103284,0.0105316,0.0107282,0.0109174,0.0110989,0.0112722,0.0114367,0.0115921,0.0117378,0.0118735,0.0119987,0.0121132,0.0122165,0.0123084,0.0123886,0.0124569,0.012513,0.0125569,0.0125883,0.0126072}

10
{0.00891985,0.00891762,0.00891094,0.00889981,0.00888426,0.0088643,0.00883996,0.00881129,0.00877832,0.00874111,0.0086997,0.00865416,0.00860457,0.00855098,0.00849347,0.00843214,0.00836707,0.00829835,0.00822609,0.00815038,0.00807133,0.00798905,0.00790366,0.00781528,0.00772403,0.00763002,0.0075334,0.00743428,0.0073328,0.0072291,0.0071233,0.00701554,0.00690597,0.0067947,0.0066819,0.00656768,0.0064522,0.00633558,0.00621796,0.00609948,0.00598027,0.00586047,0.00574021,0.0056196,0.00549879,0.0053779,0.00525704,0.00513634,0.00501592,0.00489588,0.00477634,0.0046574,0.00453918,0.00442175,0.00430524,0.00418972,0.00407528,0.00396202,0.00385,0.00373932,0.00363003,0.00352221,0.00341593,0.00331125,0.00320821,0.00310689,0.00300731,0.00290954,0.00281361,0.00271955,0.00262741,0.00253721,0.00244898,0.00236274,0.00227851,0.00219632,0.00211616,0.00203806,0.00196202,0.00188804,0.00181614,0.0017463,0.00167853,0.00161282,0.00154916,0.00148755,0.00142797,0.00137042,0.00131487,0.00126132,0.00120975,0.00116014,0.00111247,0.00106672,0.00102288,0.000980921,0.000940824,0.000902569,0.000866134,0.000831499,0.000798642,0.000767542,0.000738179,0.000710533,0.000684583,0.000660311,0.000637698,0.000616727,0.000597381,0.000579644,0.000563501,0.000548939,0.000535944,0.000524506,0.000514614,0.000506259,0.000499434,0.000494132,0.000490348,0.00048808,0.000487324,0.00048808,0.000490348,0.000494132,0.000499434,0.000506259,0.000514614,0.000524506,0.000535944,0.000548939,0.000563501,0.000579644,0.000597381,0.000616727,0.000637698,0.000660311,0.000684583,0.000710533,0.000738179,0.000767542,0.000798642,0.000831499,0.000866134,0.000902569,0.000940824,0.000980921,0.00102288,0.00106672,0.00111247,0.00116014,0.00120975,0.00126132,0.00131487,0.00137042,0.00142797,0.00148755,0.00154916,0.00161282,0.00167853,0.0017463,0.00181614,0.00188804,0.00196202,0.00203806,0.00211616,0.00219632,0.00227851,0.00236274,0.00244898,0.00253721,0.00262741,0.00271955,0.00281361,0.00290954,0.00300731,0.00310689,0.00320821,0.00331125,0.00341593,0.00352221,0.00363003,0.00373932,0.00385,0.00396202,0.00407528,0.00418972,0.00430524,0.00442175,0.00453918,0.0046574,0.00477634,0.00489588,0.00501592,0.00513634,0.00525704,0.0053779,0.00549879,0.0056196,0.00574021,0.00586047,0.00598027,0.00609948,0.00621796,0.00633558,0.0064522,0.00656768,0.0066819,0.0067947,0.00690597,0.00701554,0.0071233,0.0072291,0.0073328,0.00743428,0.0075334,0.00763002,0.00772403,0.00781528,0.00790366,0.00798905,0.00807133,0.00815038,0.00822609,0.00829835,0.00836707,0.00843214,0.00849347,0.00855098,0.00860457,0.00865416,0.0086997,0.00874111,0.00877832,0.00881129,0.00883996,0.0088643,0.00888426,0.00889981,0.00891094,0.00891762}

15
{0.00728421,0.007283,0.00727937,0.00727333,0.00726487,0.00725401,0.00724076,0.00722514,0.00720715,0.00718682,0.00716417,0.00713922,0.00711199,0.00708252,0.00705082,0.00701694,0.00698091,0.00694276,0.00690253,0.00686026,0.00681599,0.00676976,0.00672163,0.00667163,0.00661981,0.00656623,0.00651093,0.00645397,0.0063954,0.00633527,0.00627365,0.00621059,0.00614614,0.00608037,0.00601334,0.0059451,0.00587572,0.00580526,0.00573378,0.00566134,0.00558802,0.00551386,0.00543893,0.00536331,0.00528704,0.0052102,0.00513284,0.00505504,0.00497684,0.00489832,0.00481954,0.00474056,0.00466143,0.00458222,0.004503,0.00442381,0.00434472,0.00426577,0.00418704,0.00410858,0.00403043,0.00395266,0.00387532,0.00379845,0.00372211,0.00364634,0.00357121,0.00349674,0.00342299,0.00335001,0.00327783,0.0032065,0.00313606,0.00306655,0.00299801,0.00293047,0.00286398,0.00279856,0.00273425,0.00267108,0.00260908,0.00254829,0.00248873,0.00243043,0.00237342,0.00231771,0.00226335,0.00221034,0.00215871,0.00210849,0.00205968,0.00201232,0.00196642,0.00192199,0.00187905,0.00183762,0.00179772,0.00175935,0.00172253,0.00168727,0.00165358,0.00162147,0.00159096,0.00156204,0.00153474,0.00150905,0.00148499,0.00146256,0.00144177,0.00142263,0.00140513,0.00138928,0.00137509,0.00136257,0.0013517,0.0013425,0.00133498,0.00132912,0.00132494,0.00132242,0.00132159,0.00132242,0.00132494,0.00132912,0.00133498,0.0013425,0.0013517,0.00136257,0.00137509,0.00138928,0.00140513,0.00142263,0.00144177,0.00146256,0.00148499,0.00150905,0.00153474,0.00156204,0.00159096,0.00162147,0.00165358,0.00168727,0.00172253,0.00175935,0.00179772,0.00183762,0.00187905,0.00192199,0.00196642,0.00201232,0.00205968,0.00210849,0.00215871,0.00221034,0.00226335,0.00231771,0.00237342,0.00243043,0.00248873,0.00254829,0.00260908,0.00267108,0.00273425,0.00279856,0.00286398,0.00293047,0.00299801,0.00306655,0.00313606,0.0032065,0.00327783,0.00335001,0.00342299,0.00349674,0.00357121,0.00364634,0.00372211,0.00379845,0.00387532,0.00395266,0.00403043,0.00410858,0.00418704,0.00426577,0.00434472,0.00442381,0.004503,0.00458222,0.00466143,0.00474056,0.00481954,0.00489832,0.00497684,0.00505504,0.00513284,0.0052102,0.00528704,0.00536331,0.00543893,0.00551386,0.00558802,0.00566134,0.00573378,0.00580526,0.00587572,0.0059451,0.00601334,0.00608037,0.00614614,0.00621059,0.00627365,0.00633527,0.0063954,0.00645397,0.00651093,0.00656623,0.00661981,0.00667163,0.00672163,0.00676976,0.00681599,0.00686026,0.00690253,0.00694276,0.00698091,0.00701694,0.00705082,0.00708252,0.00711199,0.00713922,0.00716417,0.00718682,0.00720715,0.00722514,0.00724076,0.00725401,0.00726487,0.00727333,0.00727937,0.007283}

20
{0.00631696,0.00631618,0.00631387,0.00631001,0.00630461,0.00629768,0.00628921,0.00627923,0.00626773,0.00625472,0.00624022,0.00622424,0.00620679,0.00618788,0.00616753,0.00614576,0.00612258,0.00609801,0.00607208,0.0060448,0.00601619,0.00598627,0.00595508,0.00592264,0.00588896,0.00585408,0.00581803,0.00578083,0.00574251,0.00570311,0.00566265,0.00562117,0.00557869,0.00553525,0.00549089,0.00544563,0.00539951,0.00535257,0.00530485,0.00525637,0.00520718,0.00515731,0.00510681,0.0050557,0.00500402,0.00495182,0.00489913,0.00484599,0.00479245,0.00473853,0.00468428,0.00462973,0.00457493,0.00451992,0.00446473,0.00440941,0.00435398,0.0042985,0.004243,0.00418752,0.00413209,0.00407676,0.00402156,0.00396653,0.00391171,0.00385713,0.00380283,0.00374885,0.00369523,0.00364199,0.00358917,0.00353681,0.00348494,0.0034336,0.00338281,0.00333262,0.00328304,0.00323412,0.00318588,0.00313836,0.00309158,0.00304557,0.00300036,0.00295598,0.00291245,0.00286981,0.00282807,0.00278727,0.00274742,0.00270855,0.00267068,0.00263384,0.00259805,0.00256332,0.00252968,0.00249715,0.00246574,0.00243548,0.00240638,0.00237845,0.00235172,0.0023262,0.0023019,0.00227884,0.00225702,0.00223647,0.00221719,0.00219919,0.00218249,0.00216709,0.002153,0.00214022,0.00212878,0.00211866,0.00210989,0.00210245,0.00209636,0.00209162,0.00208824,0.00208621,0.00208553,0.00208621,0.00208824,0.00209162,0.00209636,0.00210245,0.00210989,0.00211866,0.00212878,0.00214022,0.002153,0.00216709,0.00218249,0.00219919,0.00221719,0.00223647,0.00225702,0.00227884,0.0023019,0.0023262,0.00235172,0.00237845,0.00240638,0.00243548,0.00246574,0.00249715,0.00252968,0.00256332,0.00259805,0.00263384,0.00267068,0.00270855,0.00274742,0.00278727,0.00282807,0.00286981,0.00291245,0.00295598,0.00300036,0.00304557,0.00309158,0.00313836,0.00318588,0.00323412,0.00328304,0.00333262,0.00338281,0.0034336,0.00348494,0.00353681,0.00358917,0.00364199,0.00369523,0.00374885,0.00380283,0.00385713,0.00391171,0.00396653,0.00402156,0.00407676,0.00413209,0.00418752,0.004243,0.0042985,0.00435398,0.00440941,0.00446473,0.00451992,0.00457493,0.00462973,0.00468428,0.00473853,0.00479245,0.00484599,0.00489913,0.00495182,0.00500402,0.0050557,0.00510681,0.00515731,0.00520718,0.00525637,0.00530485,0.00535257,0.00539951,0.00544563,0.00549089,0.00553525,0.00557869,0.00562117,0.00566265,0.00570311,0.00574251,0.00578083,0.00581803,0.00585408,0.00588896,0.00592264,0.00595508,0.00598627,0.00601619,0.0060448,0.00607208,0.00609801,0.00612258,0.00614576,0.00616753,0.00618788,0.00620679,0.00622424,0.00624022,0.00625472,0.00626773,0.00627923,0.00628921,0.00629768,0.00630461,0.00631001,0.00631387,0.00631618}

25
{0.00567723,0.0056767,0.00567512,0.00567249,0.00566881,0.00566408,0.00565831,0.0056515,0.00564365,0.00563478,0.00562488,0.00561397,0.00560205,0.00558913,0.00557522,0.00556034,0.00554449,0.00552768,0.00550992,0.00549124,0.00547164,0.00545113,0.00542974,0.00540747,0.00538435,0.00536038,0.0053356,0.00531,0.00528363,0.00525648,0.00522859,0.00519997,0.00517064,0.00514062,0.00510994,0.00507862,0.00504668,0.00501414,0.00498103,0.00494736,0.00491317,0.00487847,0.0048433,0.00480768,0.00477162,0.00473517,0.00469834,0.00466115,0.00462364,0.00458584,0.00454776,0.00450943,0.00447089,0.00443215,0.00439325,0.00435421,0.00431506,0.00427583,0.00423654,0.00419722,0.00415789,0.00411859,0.00407934,0.00404017,0.0040011,0.00396217,0.00392339,0.0038848,0.00384641,0.00380826,0.00377038,0.00373278,0.00369549,0.00365854,0.00362196,0.00358576,0.00354997,0.00351461,0.00347971,0.0034453,0.00341139,0.003378,0.00334517,0.0033129,0.00328123,0.00325017,0.00321974,0.00318996,0.00316086,0.00313245,0.00310475,0.00307777,0.00305154,0.00302608,0.00300139,0.00297749,0.00295441,0.00293215,0.00291073,0.00289017,0.00287047,0.00285165,0.00283373,0.0028167,0.00280059,0.0027854,0.00277115,0.00275784,0.00274548,0.00273409,0.00272365,0.00271419,0.00270572,0.00269822,0.00269172,0.00268621,0.00268169,0.00267818,0.00267567,0.00267416,0.00267366,0.00267416,0.00267567,0.00267818,0.00268169,0.00268621,0.00269172,0.00269822,0.00270572,0.00271419,0.00272365,0.00273409,0.00274548,0.00275784,0.00277115,0.0027854,0.00280059,0.0028167,0.00283373,0.00285165,0.00287047,0.00289017,0.00291073,0.00293215,0.00295441,0.00297749,0.00300139,0.00302608,0.00305154,0.00307777,0.00310475,0.00313245,0.00316086,0.00318996,0.00321974,0.00325017,0.00328123,0.0033129,0.00334517,0.003378,0.00341139,0.0034453,0.00347971,0.00351461,0.00354997,0.00358576,0.00362196,0.00365854,0.00369549,0.00373278,0.00377038,0.00380826,0.00384641,0.0038848,0.00392339,0.00396217,0.0040011,0.00404017,0.00407934,0.00411859,0.00415789,0.00419722,0.00423654,0.00427583,0.00431506,0.00435421,0.00439325,0.00443215,0.00447089,0.00450943,0.00454776,0.00458584,0.00462364,0.00466115,0.00469834,0.00473517,0.00477162,0.00480768,0.0048433,0.00487847,0.00491317,0.00494736,0.00498103,0.00501414,0.00504668,0.00507862,0.00510994,0.00514062,0.00517064,0.00519997,0.00522859,0.00525648,0.00528363,0.00531,0.0053356,0.00536038,0.00538435,0.00540747,0.00542974,0.00545113,0.00547164,0.00549124,0.00550992,0.00552768,0.00554449,0.00556034,0.00557522,0.00558913,0.00560205,0.00561397,0.00562488,0.00563478,0.00564365,0.0056515,0.00565831,0.00566408,0.00566881,0.00567249,0.00567512,0.0056767}

30
{0.00523491,0.00523454,0.00523344,0.0052316,0.00522902,0.00522572,0.00522168,0.00521691,0.00521143,0.00520522,0.00519829,0.00519065,0.00518231,0.00517327,0.00516354,0.00515312,0.00514201,0.00513024,0.00511781,0.00510472,0.00509098,0.00507661,0.00506161,0.005046,0.00502978,0.00501297,0.00499558,0.00497762,0.00495911,0.00494005,0.00492046,0.00490035,0.00487974,0.00485864,0.00483707,0.00481504,0.00479257,0.00476967,0.00474636,0.00472265,0.00469856,0.00467411,0.00464932,0.0046242,0.00459877,0.00457304,0.00454704,0.00452078,0.00449428,0.00446756,0.00444064,0.00441354,0.00438627,0.00435885,0.00433131,0.00430366,0.00427592,0.00424811,0.00422024,0.00419235,0.00416444,0.00413654,0.00410866,0.00408083,0.00405306,0.00402537,0.00399779,0.00397032,0.00394299,0.00391583,0.00388883,0.00386203,0.00383545,0.00380909,0.00378298,0.00375714,0.00373159,0.00370633,0.00368139,0.00365679,0.00363254,0.00360866,0.00358517,0.00356207,0.00353939,0.00351714,0.00349534,0.00347399,0.00345313,0.00343275,0.00341288,0.00339352,0.00337469,0.00335641,0.00333868,0.00332151,0.00330493,0.00328893,0.00327353,0.00325875,0.00324458,0.00323104,0.00321815,0.00320589,0.0031943,0.00318337,0.00317311,0.00316352,0.00315462,0.00314641,0.0031389,0.00313209,0.00312598,0.00312058,0.00311589,0.00311192,0.00310867,0.00310613,0.00310432,0.00310324,0.00310287,0.00310324,0.00310432,0.00310613,0.00310867,0.00311192,0.00311589,0.00312058,0.00312598,0.00313209,0.0031389,0.00314641,0.00315462,0.00316352,0.00317311,0.00318337,0.0031943,0.00320589,0.00321815,0.00323104,0.00324458,0.00325875,0.00327353,0.00328893,0.00330493,0.00332151,0.00333868,0.00335641,0.00337469,0.00339352,0.00341288,0.00343275,0.00345313,0.00347399,0.00349534,0.00351714,0.00353939,0.00356207,0.00358517,0.00360866,0.00363254,0.00365679,0.00368139,0.00370633,0.00373159,0.00375714,0.00378298,0.00380909,0.00383545,0.00386203,0.00388883,0.00391583,0.00394299,0.00397032,0.00399779,0.00402537,0.00405306,0.00408083,0.00410866,0.00413654,0.00416444,0.00419235,0.00422024,0.00424811,0.00427592,0.00430366,0.00433131,0.00435885,0.00438627,0.00441354,0.00444064,0.00446756,0.00449428,0.00452078,0.00454704,0.00457304,0.00459877,0.0046242,0.00464932,0.00467411,0.00469856,0.00472265,0.00474636,0.00476967,0.00479257,0.00481504,0.00483707,0.00485864,0.00487974,0.00490035,0.00492046,0.00494005,0.00495911,0.00497762,0.00499558,0.00501297,0.00502978,0.005046,0.00506161,0.00507661,0.00509098,0.00510472,0.00511781,0.00513024,0.00514201,0.00515312,0.00516354,0.00517327,0.00518231,0.00519065,0.00519829,0.00520522,0.00521143,0.00521691,0.00522168,0.00522572,0.00522902,0.0052316,0.00523344,0.00523454}

35
{0.00492393,0.00492367,0.00492289,0.00492159,0.00491977,0.00491744,0.00491459,0.00491122,0.00490735,0.00490296,0.00489807,0.00489268,0.00488679,0.0048804,0.00487353,0.00486616,0.00485832,0.00485001,0.00484122,0.00483197,0.00482227,0.00481211,0.00480152,0.00479048,0.00477902,0.00476714,0.00475485,0.00474215,0.00472906,0.00471559,0.00470173,0.00468751,0.00467294,0.00465801,0.00464275,0.00462717,0.00461127,0.00459506,0.00457856,0.00456178,0.00454473,0.00452742,0.00450987,0.00449208,0.00447407,0.00445584,0.00443742,0.00441882,0.00440004,0.00438111,0.00436203,0.00434281,0.00432348,0.00430404,0.0042845,0.00426489,0.00424521,0.00422548,0.00420571,0.00418591,0.0041661,0.00414629,0.0041265,0.00410674,0.00408702,0.00406735,0.00404776,0.00402824,0.00400882,0.00398952,0.00397033,0.00395128,0.00393238,0.00391364,0.00389507,0.00387669,0.00385851,0.00384054,0.0038228,0.00380529,0.00378803,0.00377104,0.00375431,0.00373787,0.00372172,0.00370587,0.00369034,0.00367514,0.00366028,0.00364576,0.0036316,0.00361781,0.00360439,0.00359136,0.00357872,0.00356648,0.00355466,0.00354325,0.00353228,0.00352173,0.00351163,0.00350197,0.00349278,0.00348404,0.00347577,0.00346797,0.00346065,0.00345381,0.00344746,0.0034416,0.00343624,0.00343138,0.00342702,0.00342317,0.00341982,0.00341699,0.00341467,0.00341286,0.00341157,0.00341079,0.00341053,0.00341079,0.00341157,0.00341286,0.00341467,0.00341699,0.00341982,0.00342317,0.00342702,0.00343138,0.00343624,0.0034416,0.00344746,0.00345381,0.00346065,0.00346797,0.00347577,0.00348404,0.00349278,0.00350197,0.00351163,0.00352173,0.00353228,0.00354325,0.00355466,0.00356648,0.00357872,0.00359136,0.00360439,0.00361781,0.0036316,0.00364576,0.00366028,0.00367514,0.00369034,0.00370587,0.00372172,0.00373787,0.00375431,0.00377104,0.00378803,0.00380529,0.0038228,0.00384054,0.00385851,0.00387669,0.00389507,0.00391364,0.00393238,0.00395128,0.00397033,0.00398952,0.00400882,0.00402824,0.00404776,0.00406735,0.00408702,0.00410674,0.0041265,0.00414629,0.0041661,0.00418591,0.00420571,0.00422548,0.00424521,0.00426489,0.0042845,0.00430404,0.00432348,0.00434281,0.00436203,0.00438111,0.00440004,0.00441882,0.00443742,0.00445584,0.00447407,0.00449208,0.00450987,0.00452742,0.00454473,0.00456178,0.00457856,0.00459506,0.00461127,0.00462717,0.00464275,0.00465801,0.00467294,0.00468751,0.00470173,0.00471559,0.00472906,0.00474215,0.00475485,0.00476714,0.00477902,0.00479048,0.00480152,0.00481211,0.00482227,0.00483197,0.00484122,0.00485001,0.00485832,0.00486616,0.00487353,0.0048804,0.00488679,0.00489268,0.00489807,0.00490296,0.00490735,0.00491122,0.00491459,0.00491744,0.00491977,0.00492159,0.00492289,0.00492367}

40
{0.00470394,0.00470376,0.0047032,0.00470228,0.004701,0.00469934,0.00469732,0.00469494,0.00469219,0.00468908,0.00468562,0.0046818,0.00467763,0.0046731,0.00466823,0.00466301,0.00465746,0.00465156,0.00464534,0.00463879,0.00463191,0.00462471,0.0046172,0.00460938,0.00460126,0.00459284,0.00458413,0.00457513,0.00456585,0.0045563,0.00454648,0.0045364,0.00452606,0.00451548,0.00450466,0.00449361,0.00448234,0.00447085,0.00445915,0.00444725,0.00443516,0.00442289,0.00441043,0.00439782,0.00438504,0.00437212,0.00435905,0.00434585,0.00433253,0.0043191,0.00430556,0.00429193,0.00427821,0.00426442,0.00425056,0.00423664,0.00422267,0.00420867,0.00419464,0.00418058,0.00416652,0.00415246,0.00413841,0.00412438,0.00411038,0.00409642,0.0040825,0.00406865,0.00405486,0.00404115,0.00402752,0.00401399,0.00400057,0.00398726,0.00397407,0.00396101,0.0039481,0.00393534,0.00392273,0.00391029,0.00389803,0.00388595,0.00387407,0.00386238,0.0038509,0.00383964,0.00382861,0.00381781,0.00380724,0.00379692,0.00378686,0.00377705,0.00376752,0.00375825,0.00374927,0.00374057,0.00373216,0.00372405,0.00371625,0.00370875,0.00370157,0.0036947,0.00368816,0.00368195,0.00367607,0.00367052,0.00366532,0.00366046,0.00365594,0.00365177,0.00364796,0.0036445,0.0036414,0.00363866,0.00363628,0.00363427,0.00363262,0.00363133,0.00363041,0.00362986,0.00362968,0.00362986,0.00363041,0.00363133,0.00363262,0.00363427,0.00363628,0.00363866,0.0036414,0.0036445,0.00364796,0.00365177,0.00365594,0.00366046,0.00366532,0.00367052,0.00367607,0.00368195,0.00368816,0.0036947,0.00370157,0.00370875,0.00371625,0.00372405,0.00373216,0.00374057,0.00374927,0.00375825,0.00376752,0.00377705,0.00378686,0.00379692,0.00380724,0.00381781,0.00382861,0.00383964,0.0038509,0.00386238,0.00387407,0.00388595,0.00389803,0.00391029,0.00392273,0.00393534,0.0039481,0.00396101,0.00397407,0.00398726,0.00400057,0.00401399,0.00402752,0.00404115,0.00405486,0.00406865,0.0040825,0.00409642,0.00411038,0.00412438,0.00413841,0.00415246,0.00416652,0.00418058,0.00419464,0.00420867,0.00422267,0.00423664,0.00425056,0.00426442,0.00427821,0.00429193,0.00430556,0.0043191,0.00433253,0.00434585,0.00435905,0.00437212,0.00438504,0.00439782,0.00441043,0.00442289,0.00443516,0.00444725,0.00445915,0.00447085,0.00448234,0.00449361,0.00450466,0.00451548,0.00452606,0.0045364,0.00454648,0.0045563,0.00456585,0.00457513,0.00458413,0.00459284,0.00460126,0.00460938,0.0046172,0.00462471,0.00463191,0.00463879,0.00464534,0.00465156,0.00465746,0.00466301,0.00466823,0.0046731,0.00467763,0.0046818,0.00468562,0.00468908,0.00469219,0.00469494,0.00469732,0.00469934,0.004701,0.00470228,0.0047032,0.00470376}

45
{0.00454798,0.00454785,0.00454746,0.0045468,0.00454589,0.00454471,0.00454328,0.00454159,0.00453964,0.00453744,0.00453498,0.00453227,0.00452931,0.0045261,0.00452264,0.00451894,0.004515,0.00451082,0.00450641,0.00450176,0.00449688,0.00449177,0.00448645,0.0044809,0.00447514,0.00446916,0.00446298,0.0044566,0.00445001,0.00444324,0.00443627,0.00442912,0.00442179,0.00441428,0.0044066,0.00439876,0.00439076,0.00438261,0.00437431,0.00436587,0.00435729,0.00434858,0.00433974,0.00433079,0.00432172,0.00431255,0.00430328,0.00429391,0.00428446,0.00427492,0.00426532,0.00425564,0.0042459,0.00423611,0.00422628,0.0042164,0.00420649,0.00419655,0.00418658,0.00417661,0.00416663,0.00415665,0.00414668,0.00413672,0.00412678,0.00411687,0.00410699,0.00409715,0.00408736,0.00407763,0.00406795,0.00405835,0.00404882,0.00403937,0.00403,0.00402073,0.00401156,0.0040025,0.00399355,0.00398472,0.00397601,0.00396743,0.00395899,0.0039507,0.00394255,0.00393455,0.00392671,0.00391904,0.00391154,0.00390421,0.00389706,0.0038901,0.00388333,0.00387675,0.00387037,0.00386419,0.00385822,0.00385246,0.00384692,0.00384159,0.00383649,0.00383162,0.00382697,0.00382256,0.00381838,0.00381444,0.00381074,0.00380729,0.00380408,0.00380112,0.00379841,0.00379596,0.00379376,0.00379181,0.00379012,0.00378869,0.00378752,0.0037866,0.00378595,0.00378556,0.00378543,0.00378556,0.00378595,0.0037866,0.00378752,0.00378869,0.00379012,0.00379181,0.00379376,0.00379596,0.00379841,0.00380112,0.00380408,0.00380729,0.00381074,0.00381444,0.00381838,0.00382256,0.00382697,0.00383162,0.00383649,0.00384159,0.00384692,0.00385246,0.00385822,0.00386419,0.00387037,0.00387675,0.00388333,0.0038901,0.00389706,0.00390421,0.00391154,0.00391904,0.00392671,0.00393455,0.00394255,0.0039507,0.00395899,0.00396743,0.00397601,0.00398472,0.00399355,0.0040025,0.00401156,0.00402073,0.00403,0.00403937,0.00404882,0.00405835,0.00406795,0.00407763,0.00408736,0.00409715,0.00410699,0.00411687,0.00412678,0.00413672,0.00414668,0.00415665,0.00416663,0.00417661,0.00418658,0.00419655,0.00420649,0.0042164,0.00422628,0.00423611,0.0042459,0.00425564,0.00426532,0.00427492,0.00428446,0.00429391,0.00430328,0.00431255,0.00432172,0.00433079,0.00433974,0.00434858,0.00435729,0.00436587,0.00437431,0.00438261,0.00439076,0.00439876,0.0044066,0.00441428,0.00442179,0.00442912,0.00443627,0.00444324,0.00445001,0.0044566,0.00446298,0.00446916,0.00447514,0.0044809,0.00448645,0.00449177,0.00449688,0.00450176,0.00450641,0.00451082,0.004515,0.00451894,0.00452264,0.0045261,0.00452931,0.00453227,0.00453498,0.00453744,0.00453964,0.00454159,0.00454328,0.00454471,0.00454589,0.0045468,0.00454746,0.00454785}

50
{0.00443732,0.00443723,0.00443695,0.00443648,0.00443584,0.004435,0.00443399,0.00443279,0.0044314,0.00442984,0.0044281,0.00442617,0.00442407,0.00442179,0.00441934,0.00441671,0.00441392,0.00441095,0.00440782,0.00440452,0.00440105,0.00439743,0.00439365,0.00438971,0.00438562,0.00438138,0.004377,0.00437247,0.00436779,0.00436298,0.00435804,0.00435296,0.00434776,0.00434243,0.00433699,0.00433142,0.00432574,0.00431996,0.00431407,0.00430807,0.00430198,0.0042958,0.00428953,0.00428318,0.00427674,0.00427023,0.00426365,0.004257,0.00425029,0.00424353,0.00423671,0.00422984,0.00422293,0.00421598,0.004209,0.00420198,0.00419495,0.00418789,0.00418082,0.00417374,0.00416666,0.00415957,0.00415249,0.00414542,0.00413837,0.00413133,0.00412432,0.00411734,0.00411039,0.00410348,0.00409661,0.00408979,0.00408303,0.00407632,0.00406967,0.00406309,0.00405658,0.00405015,0.00404379,0.00403752,0.00403134,0.00402525,0.00401926,0.00401337,0.00400758,0.00400191,0.00399634,0.0039909,0.00398557,0.00398037,0.00397529,0.00397035,0.00396554,0.00396087,0.00395634,0.00395195,0.00394772,0.00394363,0.00393969,0.00393591,0.00393229,0.00392883,0.00392553,0.00392239,0.00391943,0.00391663,0.00391401,0.00391155,0.00390928,0.00390718,0.00390525,0.00390351,0.00390195,0.00390056,0.00389937,0.00389835,0.00389752,0.00389687,0.0038964,0.00389613,0.00389603,0.00389613,0.0038964,0.00389687,0.00389752,0.00389835,0.00389937,0.00390056,0.00390195,0.00390351,0.00390525,0.00390718,0.00390928,0.00391155,0.00391401,0.00391663,0.00391943,0.00392239,0.00392553,0.00392883,0.00393229,0.00393591,0.00393969,0.00394363,0.00394772,0.00395195,0.00395634,0.00396087,0.00396554,0.00397035,0.00397529,0.00398037,0.00398557,0.0039909,0.00399634,0.00400191,0.00400758,0.00401337,0.00401926,0.00402525,0.00403134,0.00403752,0.00404379,0.00405015,0.00405658,0.00406309,0.00406967,0.00407632,0.00408303,0.00408979,0.00409661,0.00410348,0.00411039,0.00411734,0.00412432,0.00413133,0.00413837,0.00414542,0.00415249,0.00415957,0.00416666,0.00417374,0.00418082,0.00418789,0.00419495,0.00420198,0.004209,0.00421598,0.00422293,0.00422984,0.00423671,0.00424353,0.00425029,0.004257,0.00426365,0.00427023,0.00427674,0.00428318,0.00428953,0.0042958,0.00430198,0.00430807,0.00431407,0.00431996,0.00432574,0.00433142,0.00433699,0.00434243,0.00434776,0.00435296,0.00435804,0.00436298,0.00436779,0.00437247,0.004377,0.00438138,0.00438562,0.00438971,0.00439365,0.00439743,0.00440105,0.00440452,0.00440782,0.00441095,0.00441392,0.00441671,0.00441934,0.00442179,0.00442407,0.00442617,0.0044281,0.00442984,0.0044314,0.00443279,0.00443399,0.004435,0.00443584,0.00443648,0.00443695,0.00443723}

55
{0.00435878,0.00435871,0.00435852,0.00435819,0.00435773,0.00435714,0.00435642,0.00435556,0.00435458,0.00435347,0.00435223,0.00435087,0.00434938,0.00434776,0.00434602,0.00434416,0.00434217,0.00434007,0.00433784,0.0043355,0.00433304,0.00433047,0.00432779,0.00432499,0.00432209,0.00431908,0.00431597,0.00431275,0.00430943,0.00430602,0.00430251,0.00429891,0.00429521,0.00429143,0.00428757,0.00428362,0.00427959,0.00427548,0.0042713,0.00426704,0.00426272,0.00425833,0.00425388,0.00424937,0.0042448,0.00424018,0.00423551,0.00423079,0.00422603,0.00422123,0.00421639,0.00421151,0.00420661,0.00420167,0.00419672,0.00419174,0.00418675,0.00418174,0.00417672,0.00417169,0.00416666,0.00416164,0.00415661,0.00415159,0.00414658,0.00414159,0.00413661,0.00413165,0.00412672,0.00412182,0.00411694,0.0041121,0.0041073,0.00410254,0.00409782,0.00409315,0.00408853,0.00408396,0.00407945,0.004075,0.00407061,0.00406629,0.00406203,0.00405785,0.00405375,0.00404972,0.00404577,0.0040419,0.00403812,0.00403443,0.00403082,0.00402731,0.0040239,0.00402058,0.00401737,0.00401425,0.00401125,0.00400834,0.00400555,0.00400287,0.00400029,0.00399784,0.0039955,0.00399327,0.00399117,0.00398918,0.00398732,0.00398558,0.00398396,0.00398247,0.0039811,0.00397987,0.00397876,0.00397777,0.00397692,0.0039762,0.00397561,0.00397515,0.00397482,0.00397462,0.00397456,0.00397462,0.00397482,0.00397515,0.00397561,0.0039762,0.00397692,0.00397777,0.00397876,0.00397987,0.0039811,0.00398247,0.00398396,0.00398558,0.00398732,0.00398918,0.00399117,0.00399327,0.0039955,0.00399784,0.00400029,0.00400287,0.00400555,0.00400834,0.00401125,0.00401425,0.00401737,0.00402058,0.0040239,0.00402731,0.00403082,0.00403443,0.00403812,0.0040419,0.00404577,0.00404972,0.00405375,0.00405785,0.00406203,0.00406629,0.00407061,0.004075,0.00407945,0.00408396,0.00408853,0.00409315,0.00409782,0.00410254,0.0041073,0.0041121,0.00411694,0.00412182,0.00412672,0.00413165,0.00413661,0.00414159,0.00414658,0.00415159,0.00415661,0.00416164,0.00416666,0.00417169,0.00417672,0.00418174,0.00418675,0.00419174,0.00419672,0.00420167,0.00420661,0.00421151,0.00421639,0.00422123,0.00422603,0.00423079,0.00423551,0.00424018,0.0042448,0.00424937,0.00425388,0.00425833,0.00426272,0.00426704,0.0042713,0.00427548,0.00427959,0.00428362,0.00428757,0.00429143,0.00429521,0.00429891,0.00430251,0.00430602,0.00430943,0.00431275,0.00431597,0.00431908,0.00432209,0.00432499,0.00432779,0.00433047,0.00433304,0.0043355,0.00433784,0.00434007,0.00434217,0.00434416,0.00434602,0.00434776,0.00434938,0.00435087,0.00435223,0.00435347,0.00435458,0.00435556,0.00435642,0.00435714,0.00435773,0.00435819,0.00435852,0.00435871}

60
{0.00430303,0.00430299,0.00430285,0.00430261,0.00430229,0.00430187,0.00430136,0.00430075,0.00430005,0.00429927,0.00429839,0.00429742,0.00429636,0.00429521,0.00429398,0.00429265,0.00429125,0.00428975,0.00428817,0.00428651,0.00428476,0.00428294,0.00428103,0.00427905,0.00427699,0.00427485,0.00427264,0.00427036,0.00426801,0.00426558,0.00426309,0.00426054,0.00425791,0.00425523,0.00425249,0.00424968,0.00424682,0.00424391,0.00424094,0.00423792,0.00423485,0.00423174,0.00422858,0.00422537,0.00422213,0.00421885,0.00421554,0.00421219,0.00420881,0.0042054,0.00420196,0.0041985,0.00419502,0.00419152,0.004188,0.00418447,0.00418092,0.00417737,0.0041738,0.00417024,0.00416667,0.0041631,0.00415953,0.00415597,0.00415241,0.00414887,0.00414533,0.00414182,0.00413831,0.00413483,0.00413137,0.00412794,0.00412453,0.00412115,0.0041178,0.00411448,0.0041112,0.00410796,0.00410476,0.0041016,0.00409848,0.00409541,0.0040924,0.00408943,0.00408651,0.00408365,0.00408085,0.0040781,0.00407542,0.0040728,0.00407024,0.00406775,0.00406533,0.00406297,0.00406069,0.00405848,0.00405634,0.00405428,0.0040523,0.00405039,0.00404857,0.00404682,0.00404516,0.00404358,0.00404209,0.00404068,0.00403936,0.00403812,0.00403697,0.00403592,0.00403495,0.00403407,0.00403328,0.00403258,0.00403198,0.00403147,0.00403105,0.00403072,0.00403049,0.00403035,0.0040303,0.00403035,0.00403049,0.00403072,0.00403105,0.00403147,0.00403198,0.00403258,0.00403328,0.00403407,0.00403495,0.00403592,0.00403697,0.00403812,0.00403936,0.00404068,0.00404209,0.00404358,0.00404516,0.00404682,0.00404857,0.00405039,0.0040523,0.00405428,0.00405634,0.00405848,0.00406069,0.00406297,0.00406533,0.00406775,0.00407024,0.0040728,0.00407542,0.0040781,0.00408085,0.00408365,0.00408651,0.00408943,0.0040924,0.00409541,0.00409848,0.0041016,0.00410476,0.00410796,0.0041112,0.00411448,0.0041178,0.00412115,0.00412453,0.00412794,0.00413137,0.00413483,0.00413831,0.00414182,0.00414533,0.00414887,0.00415241,0.00415597,0.00415953,0.0041631,0.00416667,0.00417024,0.0041738,0.00417737,0.00418092,0.00418447,0.004188,0.00419152,0.00419502,0.0041985,0.00420196,0.0042054,0.00420881,0.00421219,0.00421554,0.00421885,0.00422213,0.00422537,0.00422858,0.00423174,0.00423485,0.00423792,0.00424094,0.00424391,0.00424682,0.00424968,0.00425249,0.00425523,0.00425791,0.00426054,0.00426309,0.00426558,0.00426801,0.00427036,0.00427264,0.00427485,0.00427699,0.00427905,0.00428103,0.00428294,0.00428476,0.00428651,0.00428817,0.00428975,0.00429125,0.00429265,0.00429398,0.00429521,0.00429636,0.00429742,0.00429839,0.00429927,0.00430005,0.00430075,0.00430136,0.00430187,0.00430229,0.00430261,0.00430285,0.00430299}

65
{0.00426347,0.00426343,0.00426333,0.00426317,0.00426294,0.00426264,0.00426227,0.00426184,0.00426135,0.00426079,0.00426017,0.00425948,0.00425873,0.00425791,0.00425704,0.0042561,0.0042551,0.00425404,0.00425291,0.00425174,0.0042505,0.0042492,0.00424785,0.00424644,0.00424498,0.00424346,0.00424189,0.00424027,0.0042386,0.00423688,0.00423511,0.0042333,0.00423144,0.00422953,0.00422758,0.00422559,0.00422356,0.00422149,0.00421939,0.00421724,0.00421507,0.00421285,0.00421061,0.00420834,0.00420604,0.00420371,0.00420136,0.00419898,0.00419658,0.00419416,0.00419172,0.00418926,0.00418679,0.00418431,0.00418181,0.0041793,0.00417678,0.00417426,0.00417173,0.0041692,0.00416667,0.00416413,0.0041616,0.00415907,0.00415655,0.00415403,0.00415152,0.00414903,0.00414654,0.00414407,0.00414161,0.00413917,0.00413675,0.00413435,0.00413198,0.00412962,0.0041273,0.00412499,0.00412272,0.00412048,0.00411827,0.00411609,0.00411395,0.00411184,0.00410977,0.00410774,0.00410575,0.0041038,0.0041019,0.00410003,0.00409822,0.00409645,0.00409473,0.00409306,0.00409144,0.00408987,0.00408835,0.00408689,0.00408548,0.00408413,0.00408284,0.0040816,0.00408042,0.0040793,0.00407824,0.00407724,0.0040763,0.00407542,0.00407461,0.00407385,0.00407317,0.00407254,0.00407198,0.00407149,0.00407106,0.0040707,0.0040704,0.00407017,0.00407,0.0040699,0.00406987,0.0040699,0.00407,0.00407017,0.0040704,0.0040707,0.00407106,0.00407149,0.00407198,0.00407254,0.00407317,0.00407385,0.00407461,0.00407542,0.0040763,0.00407724,0.00407824,0.0040793,0.00408042,0.0040816,0.00408284,0.00408413,0.00408548,0.00408689,0.00408835,0.00408987,0.00409144,0.00409306,0.00409473,0.00409645,0.00409822,0.00410003,0.0041019,0.0041038,0.00410575,0.00410774,0.00410977,0.00411184,0.00411395,0.00411609,0.00411827,0.00412048,0.00412272,0.00412499,0.0041273,0.00412962,0.00413198,0.00413435,0.00413675,0.00413917,0.00414161,0.00414407,0.00414654,0.00414903,0.00415152,0.00415403,0.00415655,0.00415907,0.0041616,0.00416413,0.00416667,0.0041692,0.00417173,0.00417426,0.00417678,0.0041793,0.00418181,0.00418431,0.00418679,0.00418926,0.00419172,0.00419416,0.00419658,0.00419898,0.00420136,0.00420371,0.00420604,0.00420834,0.00421061,0.00421285,0.00421507,0.00421724,0.00421939,0.00422149,0.00422356,0.00422559,0.00422758,0.00422953,0.00423144,0.0042333,0.00423511,0.00423688,0.0042386,0.00424027,0.00424189,0.00424346,0.00424498,0.00424644,0.00424785,0.0042492,0.0042505,0.00425174,0.00425291,0.00425404,0.0042551,0.0042561,0.00425704,0.00425791,0.00425873,0.00425948,0.00426017,0.00426079,0.00426135,0.00426184,0.00426227,0.00426264,0.00426294,0.00426317,0.00426333,0.00426343}

70
{0.00423538,0.00423535,0.00423528,0.00423517,0.004235,0.00423479,0.00423453,0.00423423,0.00423388,0.00423348,0.00423304,0.00423255,0.00423201,0.00423144,0.00423081,0.00423015,0.00422944,0.00422868,0.00422789,0.00422705,0.00422617,0.00422525,0.00422429,0.00422329,0.00422226,0.00422118,0.00422007,0.00421892,0.00421773,0.00421651,0.00421525,0.00421396,0.00421264,0.00421129,0.00420991,0.0042085,0.00420705,0.00420559,0.00420409,0.00420257,0.00420102,0.00419945,0.00419786,0.00419625,0.00419461,0.00419296,0.00419129,0.0041896,0.0041879,0.00418618,0.00418445,0.00418271,0.00418095,0.00417919,0.00417742,0.00417564,0.00417385,0.00417206,0.00417026,0.00416847,0.00416667,0.00416487,0.00416307,0.00416128,0.00415948,0.0041577,0.00415592,0.00415415,0.00415238,0.00415063,0.00414888,0.00414715,0.00414543,0.00414373,0.00414204,0.00414037,0.00413872,0.00413709,0.00413547,0.00413388,0.00413231,0.00413077,0.00412924,0.00412775,0.00412628,0.00412484,0.00412343,0.00412204,0.00412069,0.00411937,0.00411808,0.00411683,0.0041156,0.00411442,0.00411327,0.00411215,0.00411108,0.00411004,0.00410904,0.00410808,0.00410716,0.00410628,0.00410544,0.00410465,0.0041039,0.00410319,0.00410252,0.0041019,0.00410132,0.00410079,0.0041003,0.00409985,0.00409946,0.00409911,0.0040988,0.00409854,0.00409833,0.00409817,0.00409805,0.00409798,0.00409796,0.00409798,0.00409805,0.00409817,0.00409833,0.00409854,0.0040988,0.00409911,0.00409946,0.00409985,0.0041003,0.00410079,0.00410132,0.0041019,0.00410252,0.00410319,0.0041039,0.00410465,0.00410544,0.00410628,0.00410716,0.00410808,0.00410904,0.00411004,0.00411108,0.00411215,0.00411327,0.00411442,0.0041156,0.00411683,0.00411808,0.00411937,0.00412069,0.00412204,0.00412343,0.00412484,0.00412628,0.00412775,0.00412924,0.00413077,0.00413231,0.00413388,0.00413547,0.00413709,0.00413872,0.00414037,0.00414204,0.00414373,0.00414543,0.00414715,0.00414888,0.00415063,0.00415238,0.00415415,0.00415592,0.0041577,0.00415948,0.00416128,0.00416307,0.00416487,0.00416667,0.00416847,0.00417026,0.00417206,0.00417385,0.00417564,0.00417742,0.00417919,0.00418095,0.00418271,0.00418445,0.00418618,0.0041879,0.0041896,0.00419129,0.00419296,0.00419461,0.00419625,0.00419786,0.00419945,0.00420102,0.00420257,0.00420409,0.00420559,0.00420705,0.0042085,0.00420991,0.00421129,0.00421264,0.00421396,0.00421525,0.00421651,0.00421773,0.00421892,0.00422007,0.00422118,0.00422226,0.00422329,0.00422429,0.00422525,0.00422617,0.00422705,0.00422789,0.00422868,0.00422944,0.00423015,0.00423081,0.00423144,0.00423201,0.00423255,0.00423304,0.00423348,0.00423388,0.00423423,0.00423453,0.00423479,0.004235,0.00423517,0.00423528,0.00423535}

75
{0.00421544,0.00421542,0.00421537,0.00421529,0.00421517,0.00421502,0.00421484,0.00421462,0.00421437,0.00421409,0.00421378,0.00421343,0.00421305,0.00421264,0.0042122,0.00421173,0.00421122,0.00421069,0.00421012,0.00420953,0.00420891,0.00420825,0.00420757,0.00420686,0.00420613,0.00420536,0.00420457,0.00420375,0.00420291,0.00420205,0.00420115,0.00420024,0.0041993,0.00419834,0.00419736,0.00419636,0.00419534,0.00419429,0.00419323,0.00419215,0.00419105,0.00418994,0.00418881,0.00418766,0.0041865,0.00418533,0.00418415,0.00418295,0.00418174,0.00418052,0.00417929,0.00417805,0.00417681,0.00417555,0.0041743,0.00417303,0.00417176,0.00417049,0.00416922,0.00416794,0.00416667,0.00416539,0.00416411,0.00416284,0.00416157,0.0041603,0.00415904,0.00415778,0.00415653,0.00415528,0.00415404,0.00415281,0.00415159,0.00415039,0.00414919,0.004148,0.00414683,0.00414567,0.00414452,0.00414339,0.00414228,0.00414118,0.0041401,0.00413904,0.004138,0.00413698,0.00413597,0.00413499,0.00413403,0.00413309,0.00413218,0.00413129,0.00413042,0.00412958,0.00412876,0.00412797,0.00412721,0.00412647,0.00412576,0.00412508,0.00412443,0.0041238,0.00412321,0.00412264,0.00412211,0.00412161,0.00412113,0.00412069,0.00412028,0.0041199,0.00411956,0.00411924,0.00411896,0.00411871,0.00411849,0.00411831,0.00411816,0.00411804,0.00411796,0.00411791,0.00411789,0.00411791,0.00411796,0.00411804,0.00411816,0.00411831,0.00411849,0.00411871,0.00411896,0.00411924,0.00411956,0.0041199,0.00412028,0.00412069,0.00412113,0.00412161,0.00412211,0.00412264,0.00412321,0.0041238,0.00412443,0.00412508,0.00412576,0.00412647,0.00412721,0.00412797,0.00412876,0.00412958,0.00413042,0.00413129,0.00413218,0.00413309,0.00413403,0.00413499,0.00413597,0.00413698,0.004138,0.00413904,0.0041401,0.00414118,0.00414228,0.00414339,0.00414452,0.00414567,0.00414683,0.004148,0.00414919,0.00415039,0.00415159,0.00415281,0.00415404,0.00415528,0.00415653,0.00415778,0.00415904,0.0041603,0.00416157,0.00416284,0.00416411,0.00416539,0.00416667,0.00416794,0.00416922,0.00417049,0.00417176,0.00417303,0.0041743,0.00417555,0.00417681,0.00417805,0.00417929,0.00418052,0.00418174,0.00418295,0.00418415,0.00418533,0.0041865,0.00418766,0.00418881,0.00418994,0.00419105,0.00419215,0.00419323,0.00419429,0.00419534,0.00419636,0.00419736,0.00419834,0.0041993,0.00420024,0.00420115,0.00420205,0.00420291,0.00420375,0.00420457,0.00420536,0.00420613,0.00420686,0.00420757,0.00420825,0.00420891,0.00420953,0.00421012,0.00421069,0.00421122,0.00421173,0.0042122,0.00421264,0.00421305,0.00421343,0.00421378,0.00421409,0.00421437,0.00421462,0.00421484,0.00421502,0.00421517,0.00421529,0.00421537,0.00421542}

80
{0.00420129,0.00420128,0.00420124,0.00420118,0.0042011,0.00420099,0.00420086,0.00420071,0.00420053,0.00420033,0.00420011,0.00419986,0.00419959,0.0041993,0.00419899,0.00419865,0.00419829,0.00419792,0.00419751,0.00419709,0.00419665,0.00419619,0.0041957,0.0041952,0.00419468,0.00419413,0.00419357,0.00419299,0.0041924,0.00419178,0.00419115,0.0041905,0.00418983,0.00418915,0.00418845,0.00418774,0.00418702,0.00418628,0.00418552,0.00418476,0.00418398,0.00418319,0.00418238,0.00418157,0.00418075,0.00417992,0.00417907,0.00417822,0.00417737,0.0041765,0.00417563,0.00417475,0.00417386,0.00417298,0.00417208,0.00417119,0.00417029,0.00416938,0.00416848,0.00416757,0.00416667,0.00416576,0.00416485,0.00416395,0.00416305,0.00416215,0.00416125,0.00416036,0.00415947,0.00415858,0.00415771,0.00415683,0.00415597,0.00415511,0.00415426,0.00415342,0.00415258,0.00415176,0.00415095,0.00415015,0.00414936,0.00414858,0.00414781,0.00414706,0.00414632,0.00414559,0.00414488,0.00414418,0.0041435,0.00414283,0.00414219,0.00414155,0.00414094,0.00414034,0.00413976,0.0041392,0.00413866,0.00413813,0.00413763,0.00413715,0.00413668,0.00413624,0.00413582,0.00413542,0.00413504,0.00413468,0.00413434,0.00413403,0.00413374,0.00413347,0.00413323,0.004133,0.0041328,0.00413263,0.00413247,0.00413234,0.00413224,0.00413215,0.00413209,0.00413206,0.00413205,0.00413206,0.00413209,0.00413215,0.00413224,0.00413234,0.00413247,0.00413263,0.0041328,0.004133,0.00413323,0.00413347,0.00413374,0.00413403,0.00413434,0.00413468,0.00413504,0.00413542,0.00413582,0.00413624,0.00413668,0.00413715,0.00413763,0.00413813,0.00413866,0.0041392,0.00413976,0.00414034,0.00414094,0.00414155,0.00414219,0.00414283,0.0041435,0.00414418,0.00414488,0.00414559,0.00414632,0.00414706,0.00414781,0.00414858,0.00414936,0.00415015,0.00415095,0.00415176,0.00415258,0.00415342,0.00415426,0.00415511,0.00415597,0.00415683,0.00415771,0.00415858,0.00415947,0.00416036,0.00416125,0.00416215,0.00416305,0.00416395,0.00416485,0.00416576,0.00416667,0.00416757,0.00416848,0.00416938,0.00417029,0.00417119,0.00417208,0.00417298,0.00417386,0.00417475,0.00417563,0.0041765,0.00417737,0.00417822,0.00417907,0.00417992,0.00418075,0.00418157,0.00418238,0.00418319,0.00418398,0.00418476,0.00418552,0.00418628,0.00418702,0.00418774,0.00418845,0.00418915,0.00418983,0.0041905,0.00419115,0.00419178,0.0041924,0.00419299,0.00419357,0.00419413,0.00419468,0.0041952,0.0041957,0.00419619,0.00419665,0.00419709,0.00419751,0.00419792,0.00419829,0.00419865,0.00419899,0.0041993,0.00419959,0.00419986,0.00420011,0.00420033,0.00420053,0.00420071,0.00420086,0.00420099,0.0042011,0.00420118,0.00420124,0.00420128}

85
{0.00419124,0.00419123,0.00419121,0.00419117,0.00419111,0.00419103,0.00419094,0.00419083,0.00419071,0.00419056,0.0041904,0.00419023,0.00419004,0.00418983,0.00418961,0.00418937,0.00418912,0.00418885,0.00418856,0.00418826,0.00418795,0.00418762,0.00418728,0.00418692,0.00418655,0.00418616,0.00418577,0.00418535,0.00418493,0.00418449,0.00418404,0.00418358,0.00418311,0.00418263,0.00418213,0.00418163,0.00418111,0.00418059,0.00418005,0.00417951,0.00417895,0.00417839,0.00417782,0.00417725,0.00417666,0.00417607,0.00417547,0.00417487,0.00417426,0.00417365,0.00417303,0.0041724,0.00417178,0.00417115,0.00417051,0.00416987,0.00416924,0.00416859,0.00416795,0.00416731,0.00416667,0.00416602,0.00416538,0.00416474,0.0041641,0.00416346,0.00416282,0.00416219,0.00416156,0.00416093,0.00416031,0.00415969,0.00415907,0.00415846,0.00415786,0.00415726,0.00415667,0.00415609,0.00415551,0.00415494,0.00415438,0.00415383,0.00415328,0.00415275,0.00415222,0.00415171,0.0041512,0.00415071,0.00415022,0.00414975,0.00414929,0.00414884,0.0041484,0.00414798,0.00414757,0.00414717,0.00414678,0.00414641,0.00414606,0.00414571,0.00414538,0.00414507,0.00414477,0.00414449,0.00414422,0.00414396,0.00414372,0.0041435,0.00414329,0.0041431,0.00414293,0.00414277,0.00414263,0.0041425,0.00414239,0.0041423,0.00414223,0.00414217,0.00414212,0.0041421,0.00414209,0.0041421,0.00414212,0.00414217,0.00414223,0.0041423,0.00414239,0.0041425,0.00414263,0.00414277,0.00414293,0.0041431,0.00414329,0.0041435,0.00414372,0.00414396,0.00414422,0.00414449,0.00414477,0.00414507,0.00414538,0.00414571,0.00414606,0.00414641,0.00414678,0.00414717,0.00414757,0.00414798,0.0041484,0.00414884,0.00414929,0.00414975,0.00415022,0.00415071,0.0041512,0.00415171,0.00415222,0.00415275,0.00415328,0.00415383,0.00415438,0.00415494,0.00415551,0.00415609,0.00415667,0.00415726,0.00415786,0.00415846,0.00415907,0.00415969,0.00416031,0.00416093,0.00416156,0.00416219,0.00416282,0.00416346,0.0041641,0.00416474,0.00416538,0.00416602,0.00416667,0.00416731,0.00416795,0.00416859,0.00416924,0.00416987,0.00417051,0.00417115,0.00417178,0.0041724,0.00417303,0.00417365,0.00417426,0.00417487,0.00417547,0.00417607,0.00417666,0.00417725,0.00417782,0.00417839,0.00417895,0.00417951,0.00418005,0.00418059,0.00418111,0.00418163,0.00418213,0.00418263,0.00418311,0.00418358,0.00418404,0.00418449,0.00418493,0.00418535,0.00418577,0.00418616,0.00418655,0.00418692,0.00418728,0.00418762,0.00418795,0.00418826,0.00418856,0.00418885,0.00418912,0.00418937,0.00418961,0.00418983,0.00419004,0.00419023,0.0041904,0.00419056,0.00419071,0.00419083,0.00419094,0.00419103,0.00419111,0.00419117,0.00419121,0.00419123}

90
{0.00418411,0.00418411,0.00418409,0.00418406,0.00418402,0.00418396,0.0041839,0.00418382,0.00418373,0.00418363,0.00418352,0.00418339,0.00418326,0.00418311,0.00418295,0.00418278,0.0041826,0.00418241,0.00418221,0.004182,0.00418177,0.00418154,0.0041813,0.00418104,0.00418078,0.00418051,0.00418022,0.00417993,0.00417963,0.00417932,0.004179,0.00417867,0.00417834,0.004178,0.00417764,0.00417729,0.00417692,0.00417655,0.00417617,0.00417578,0.00417539,0.00417499,0.00417459,0.00417418,0.00417376,0.00417334,0.00417292,0.00417249,0.00417206,0.00417162,0.00417118,0.00417074,0.00417029,0.00416985,0.0041694,0.00416894,0.00416849,0.00416804,0.00416758,0.00416712,0.00416667,0.00416621,0.00416575,0.0041653,0.00416484,0.00416439,0.00416394,0.00416349,0.00416304,0.00416259,0.00416215,0.00416171,0.00416128,0.00416084,0.00416042,0.00415999,0.00415957,0.00415916,0.00415875,0.00415834,0.00415794,0.00415755,0.00415717,0.00415679,0.00415641,0.00415605,0.00415569,0.00415534,0.00415499,0.00415466,0.00415433,0.00415401,0.0041537,0.0041534,0.00415311,0.00415283,0.00415255,0.00415229,0.00415204,0.00415179,0.00415156,0.00415134,0.00415112,0.00415092,0.00415073,0.00415055,0.00415038,0.00415022,0.00415008,0.00414994,0.00414982,0.0041497,0.0041496,0.00414951,0.00414944,0.00414937,0.00414932,0.00414928,0.00414925,0.00414923,0.00414922,0.00414923,0.00414925,0.00414928,0.00414932,0.00414937,0.00414944,0.00414951,0.0041496,0.0041497,0.00414982,0.00414994,0.00415008,0.00415022,0.00415038,0.00415055,0.00415073,0.00415092,0.00415112,0.00415134,0.00415156,0.00415179,0.00415204,0.00415229,0.00415255,0.00415283,0.00415311,0.0041534,0.0041537,0.00415401,0.00415433,0.00415466,0.00415499,0.00415534,0.00415569,0.00415605,0.00415641,0.00415679,0.00415717,0.00415755,0.00415794,0.00415834,0.00415875,0.00415916,0.00415957,0.00415999,0.00416042,0.00416084,0.00416128,0.00416171,0.00416215,0.00416259,0.00416304,0.00416349,0.00416394,0.00416439,0.00416484,0.0041653,0.00416575,0.00416621,0.00416667,0.00416712,0.00416758,0.00416804,0.00416849,0.00416894,0.0041694,0.00416985,0.00417029,0.00417074,0.00417118,0.00417162,0.00417206,0.00417249,0.00417292,0.00417334,0.00417376,0.00417418,0.00417459,0.00417499,0.00417539,0.00417578,0.00417617,0.00417655,0.00417692,0.00417729,0.00417764,0.004178,0.00417834,0.00417867,0.004179,0.00417932,0.00417963,0.00417993,0.00418022,0.00418051,0.00418078,0.00418104,0.0041813,0.00418154,0.00418177,0.004182,0.00418221,0.00418241,0.0041826,0.00418278,0.00418295,0.00418311,0.00418326,0.00418339,0.00418352,0.00418363,0.00418373,0.00418382,0.0041839,0.00418396,0.00418402,0.00418406,0.00418409,0.00418411}

95
{0.00417905,0.00417905,0.00417903,0.00417901,0.00417898,0.00417894,0.0041789,0.00417884,0.00417878,0.00417871,0.00417863,0.00417854,0.00417844,0.00417834,0.00417823,0.00417811,0.00417798,0.00417784,0.0041777,0.00417755,0.00417739,0.00417722,0.00417705,0.00417687,0.00417668,0.00417649,0.00417629,0.00417608,0.00417587,0.00417565,0.00417542,0.00417519,0.00417495,0.00417471,0.00417446,0.0041742,0.00417395,0.00417368,0.00417341,0.00417314,0.00417286,0.00417258,0.00417229,0.004172,0.0041717,0.00417141,0.0041711,0.0041708,0.00417049,0.00417018,0.00416987,0.00416956,0.00416924,0.00416892,0.0041686,0.00416828,0.00416796,0.00416764,0.00416731,0.00416699,0.00416667,0.00416634,0.00416602,0.0041657,0.00416537,0.00416505,0.00416473,0.00416441,0.00416409,0.00416378,0.00416346,0.00416315,0.00416284,0.00416253,0.00416223,0.00416193,0.00416163,0.00416134,0.00416105,0.00416076,0.00416048,0.0041602,0.00415992,0.00415965,0.00415939,0.00415913,0.00415887,0.00415862,0.00415838,0.00415814,0.00415791,0.00415768,0.00415746,0.00415725,0.00415704,0.00415684,0.00415665,0.00415646,0.00415628,0.00415611,0.00415594,0.00415578,0.00415563,0.00415549,0.00415535,0.00415523,0.00415511,0.00415499,0.00415489,0.00415479,0.00415471,0.00415463,0.00415455,0.00415449,0.00415444,0.00415439,0.00415435,0.00415432,0.0041543,0.00415429,0.00415428,0.00415429,0.0041543,0.00415432,0.00415435,0.00415439,0.00415444,0.00415449,0.00415455,0.00415463,0.00415471,0.00415479,0.00415489,0.00415499,0.00415511,0.00415523,0.00415535,0.00415549,0.00415563,0.00415578,0.00415594,0.00415611,0.00415628,0.00415646,0.00415665,0.00415684,0.00415704,0.00415725,0.00415746,0.00415768,0.00415791,0.00415814,0.00415838,0.00415862,0.00415887,0.00415913,0.00415939,0.00415965,0.00415992,0.0041602,0.00416048,0.00416076,0.00416105,0.00416134,0.00416163,0.00416193,0.00416223,0.00416253,0.00416284,0.00416315,0.00416346,0.00416378,0.00416409,0.00416441,0.00416473,0.00416505,0.00416537,0.0041657,0.00416602,0.00416634,0.00416667,0.00416699,0.00416731,0.00416764,0.00416796,0.00416828,0.0041686,0.00416892,0.00416924,0.00416956,0.00416987,0.00417018,0.00417049,0.0041708,0.0041711,0.00417141,0.0041717,0.004172,0.00417229,0.00417258,0.00417286,0.00417314,0.00417341,0.00417368,0.00417395,0.0041742,0.00417446,0.00417471,0.00417495,0.00417519,0.00417542,0.00417565,0.00417587,0.00417608,0.00417629,0.00417649,0.00417668,0.00417687,0.00417705,0.00417722,0.00417739,0.00417755,0.0041777,0.00417784,0.00417798,0.00417811,0.00417823,0.00417834,0.00417844,0.00417854,0.00417863,0.00417871,0.00417878,0.00417884,0.0041789,0.00417894,0.00417898,0.00417901,0.00417903,0.00417905}

100
{0.00417546,0.00417545,0.00417544,0.00417543,0.00417541,0.00417538,0.00417535,0.00417531,0.00417526,0.00417521,0.00417516,0.00417509,0.00417503,0.00417495,0.00417487,0.00417479,0.0041747,0.0041746,0.0041745,0.00417439,0.00417428,0.00417416,0.00417404,0.00417391,0.00417378,0.00417364,0.0041735,0.00417335,0.0041732,0.00417304,0.00417288,0.00417272,0.00417255,0.00417238,0.0041722,0.00417202,0.00417183,0.00417165,0.00417145,0.00417126,0.00417106,0.00417086,0.00417066,0.00417045,0.00417024,0.00417003,0.00416982,0.0041696,0.00416938,0.00416916,0.00416894,0.00416872,0.00416849,0.00416827,0.00416804,0.00416781,0.00416759,0.00416736,0.00416713,0.0041669,0.00416667,0.00416644,0.00416621,0.00416598,0.00416575,0.00416552,0.00416529,0.00416506,0.00416484,0.00416461,0.00416439,0.00416417,0.00416395,0.00416373,0.00416352,0.0041633,0.00416309,0.00416288,0.00416268,0.00416247,0.00416227,0.00416207,0.00416188,0.00416169,0.0041615,0.00416132,0.00416114,0.00416096,0.00416079,0.00416062,0.00416045,0.00416029,0.00416013,0.00415998,0.00415984,0.00415969,0.00415956,0.00415942,0.0041593,0.00415917,0.00415905,0.00415894,0.00415884,0.00415873,0.00415864,0.00415855,0.00415846,0.00415838,0.00415831,0.00415824,0.00415818,0.00415812,0.00415807,0.00415802,0.00415799,0.00415795,0.00415793,0.0041579,0.00415789,0.00415788,0.00415788,0.00415788,0.00415789,0.0041579,0.00415793,0.00415795,0.00415799,0.00415802,0.00415807,0.00415812,0.00415818,0.00415824,0.00415831,0.00415838,0.00415846,0.00415855,0.00415864,0.00415873,0.00415884,0.00415894,0.00415905,0.00415917,0.0041593,0.00415942,0.00415956,0.00415969,0.00415984,0.00415998,0.00416013,0.00416029,0.00416045,0.00416062,0.00416079,0.00416096,0.00416114,0.00416132,0.0041615,0.00416169,0.00416188,0.00416207,0.00416227,0.00416247,0.00416268,0.00416288,0.00416309,0.0041633,0.00416352,0.00416373,0.00416395,0.00416417,0.00416439,0.00416461,0.00416484,0.00416506,0.00416529,0.00416552,0.00416575,0.00416598,0.00416621,0.00416644,0.00416667,0.0041669,0.00416713,0.00416736,0.00416759,0.00416781,0.00416804,0.00416827,0.00416849,0.00416872,0.00416894,0.00416916,0.00416938,0.0041696,0.00416982,0.00417003,0.00417024,0.00417045,0.00417066,0.00417086,0.00417106,0.00417126,0.00417145,0.00417165,0.00417183,0.00417202,0.0041722,0.00417238,0.00417255,0.00417272,0.00417288,0.00417304,0.0041732,0.00417335,0.0041735,0.00417364,0.00417378,0.00417391,0.00417404,0.00417416,0.00417428,0.00417439,0.0041745,0.0041746,0.0041747,0.00417479,0.00417487,0.00417495,0.00417503,0.00417509,0.00417516,0.00417521,0.00417526,0.00417531,0.00417535,0.00417538,0.00417541,0.00417543,0.00417544,0.00417545}

